0
0
1
0
0
2
0
0
3
0
0
0
0
0
0
0
0
0
0
4
0
0
5
0
0
0
6
0
0
0
0
0
7
0
0
0
8
0
9
0
0
0
0
0
0
0
0
0
10
11
0
0
0
0
0
0
12
13
0
14
0
0
15
16
0
17
0
18
0
0
0
0
0
0
0
0
0
0
0
8
0
0
0
0
0
0
0
19
0
0
0
20
21
22
0
0
0
23
0
24
0
25
0
0
0
26
27
28
0
0
0
0
0
0
0
0
29
30
0
31
0
32
0
0
0
33
0
0
34
0
0
35
0
0
0
0
0
36
37
0
0
38
39
40
41
42
43
0
44
0
45
0
46
0
0
0
0
0
0
47
48
0
0
0
0
0
0
0
0
49
0
50
51
52
53
54
0
0
0
0
55
56
0
0
57
58
0
59
60
61
0
62
63
64
65
0
0
66
0
67
68
69
0
70
0
0
0
0
0
71
72
0
0
0
73
74
0
75
0
0
0
0
76
0
0
0
0
77
0
78
