1
1
1
1
1
2
2
18
2
3
1
2
1
4
7
4
1
1
1
1
1
5
6
1
1
1
1
1
7
7
7
2
1
1
3
1
4
1
7
7
1
8
9
2
1
1
7
1
1
1
1
7
7
7
10
11
1
1
1
1
1
2
1
1
1
1
1
12
12
1
4
1
13
3
14
1
4
1
15
1
16
1
3
7
1
1
7
7
7
1
17
4
4
18
18
18
18
19
1
20
2
4
21
22
4
1
1
2
23
1
1
1
1
1
1
1
1
7
24
25
1
1
26
27
3
3
1
2
1
1
28
1
29
1
4
3
30
31
31
1
32
4
1
1
1
1
33
1
7
7
7
2
34
2
7
7
7
7
1
35
36
4
1
1
4
37
1
38
39
1
40
1
2
41
1
1
1
1
42
1
43
44
1
45
2
1
1
22
1
1
2
46
47
1
3
1
1
48
1
7
49
1
50
1
51
52
1
53
4
4
7
7
7
7
7
1
54
7
7
4
55
1
56
4
4
2
2
57
7
4
1
58
4
1
1
1
59
60
7
61
7
62
63
64
1
1
65
66
4
67
1
68
69
1
1
4
1
2
1
1
1
1
1
0
70
